Buoc 2: Vector trung binh: 
 171.5
 176.5
 132.5
248.25
  27.5
   246
127.25
 205.5
   170
Buoc 3: Su chenh lech giua dataMatrix va avgVector: 
   53.5  -161.5    24.5    83.5
   52.5    42.5  -141.5    46.5
  -84.5  -108.5   101.5    91.5
   2.75    6.75  -16.25    6.75
    5.5    -9.5    31.5   -27.5
     -8       1      -2       9
-127.25 -110.25  115.75  121.75
   49.5    49.5  -148.5    49.5
     47    -168      56      65
Buoc 4: Tich 2 ma tran: 
 33712.4  11301.1 -33998.1 -11015.4
 11301.1  82626.9 -50914.4 -43013.6
-33998.1 -50914.4  70771.4  14141.1
-11015.4 -43013.6  14141.1  39887.9
Buoc 5: Tri rieng cua ma tran: 
    153522
   50695.8
   22780.6
4.1283e-13
Buoc 6: Cac vector tuong ung voi cac tri rieng: 
 0.263094  0.520996 -0.639801       0.5
 0.678689  -0.43653  0.314362       0.5
-0.586402 -0.559165 -0.305722       0.5
 -0.35538    0.4747  0.631162       0.5
Buoc 7: Tich 2 ma tran ansVector = matrixProduct * eigenVectors: 
     40390.7      26412.3     -14575.1 -8.18545e-12
      104194     -22130.2      7161.35  1.81899e-11
    -90025.7     -28347.4     -6964.55  1.81899e-12
    -54558.7      24065.3      14378.3 -3.63798e-12
Buoc 8: Rut gon ansVector, ket qua cuoi cung la: 
   -0.35622    0.552106   -0.263607     -0.6456
   0.278464    0.488526     0.34704   0.0461143
  -0.479574  -0.0443287    0.309247   0.0922286
  0.0317363   0.0478635   0.0635438   0.0230571
 -0.0349632   -0.105062   -0.221904  -0.0922286
-0.00880937  0.00349148   0.0776815   0.0461143
  -0.560075   -0.111469    0.584453    0.368914
    0.29633    0.491722     0.40106   0.0922286
  -0.402208    0.432435    -0.39076     -0.6456
